tree
version=v4
num_class=1
num_tree_per_iteration=1
label_index=0
max_feature_idx=38
objective=binary sigmoid:1
feature_names=rsi_14 macd_line macd_signal macd_hist bb_pct_upper bb_pct_lower atr_pct_14 volatility_regime trend_regime_slope adx_14 cmf_20 volume_sma_ratio return_1 return_2 return_3 return_5 ma10_ratio ma30_ratio bb_zscore macd_hist_ratio volume_ratio fft_real fft_imag corr_btc_eth_20 corr_btc_sol_20 corr_btc_eth_100 corr_btc_sol_100 ratio_btc_eth_norm ratio_btc_sol_norm ratio_btc_bnb_norm btc_funding_rate funding_mom_1 funding_mom_3 funding_spread_eth funding_spread_sol funding_spread_bnb ofi_zscore atr_ratio_5_20 rolls_implied_spread
feature_infos=[1.7052375151928487:96.682847885490133] [-185.54177418330801:265.45353303023876] [-163.68078891236516:212.35291791497701] [-60.748274388179226:96.736058588438453] [-0.33921530904669128:1.5083257334925264] [-0.22001357900849361:2.4517280258737935] [0.0042525577293080642:0.32918684768652862] [0.0023923444976076554:1] [-0.12622711057883951:0.13238819372862778] [6.4138840784796542:86.812081552027877] [-0.47601387353290103:0.56706308237257963] [0.13086625622178968:11.731593530101083] [-0.005894935981057059:0.0072354040415032461] [-0.0059443953285646112:0.0082132873982083687] [-0.0055968768502072663:0.0094115765909816851] [-0.0072514690067603249:0.012585545251039276] [-0.0054456469945002948:0.0074700652507135286] [-0.0087180949426400398:0.013987709999029338] [-3.6430032965473664:3.7923305571326908] [-0.0036141841096032266:0.002720314421104987] [0.13086625622178968:11.731593530101083] [-2189.7318941938665:2142.7665653260874] [-2987.1749667771833:3433.3225553685825] [0.99999999999904921:1] [0.99999999999904921:1] [0:1.0000000000000047] [0:1.0000000000000047] none none none none none none none none none [-3.4869932450086591:4.1721070391791875] [0.13874125866357048:3.4686800875454789] [0:0.0019798914313710714]
tree_sizes=1482 1735 2053 1089 1514 1612 1618 1084 1728 1721

Tree=0
num_leaves=13
num_cat=0
split_feature=23 37 3 1 15 2 8 10 15 6 15 6
split_gain=44.127 28.5317 18.1202 18.0784 13.5111 13.4718 19.1752 11.9542 11.9201 10.4777 5.02595 3.15921
threshold=0.99999999999995659 0.78776407521259573 23.232853237422265 -0.89826728164553049 0.0024306062198802274 -77.525630321915301 -0.046585334219038974 0.28409417945001364 0.0027915902358597315 0.17202596750497504 0.0019896637490454121 0.034126222161384591
decision_type=2 2 2 2 2 2 2 2 2 2 2 2
left_child=1 -1 4 -3 5 9 -7 10 -6 -2 -4 -5
right_child=2 3 7 11 8 6 -8 -9 -10 -11 -12 -13
leaf_value=-0.52836421785772858 -0.57174659199848799 -0.53476368004709174 -0.57174659199848799 -0.55041660489472388 -0.53267286024358329 -0.53751153631221849 -0.55106128029170232 -0.55007260003945924 -0.55007260003945924 -0.55268559471368151 -0.55963997583438418 -0.56138276472718529
leaf_weight=15.172313287854193 5.5596538782119733 7.2152859717607507 6.9495673477649706 5.8380907326936722 8.1950386762619036 11.431810989975927 224.4614844918251 8.2077569067478162 8.2077569067478162 6.5330474674701691 7.3470098823308945 5.1494931131601334
leaf_count=38 24 20 30 20 22 33 775 28 28 23 28 20
internal_value=-0.555687 -0.5387 -0.551098 -0.547314 -0.55035 -0.550943 -0.550405 -0.559889 -0.541379 -0.561449 -0.565525 -0.555556
internal_weight=0 33.3752 286.893 18.2029 264.389 247.986 235.893 22.5043 16.4028 12.0927 14.2966 10.9876
internal_count=1089 98 991 60 905 855 808 86 50 47 58 40
is_linear=0
shrinkage=1


Tree=1
num_leaves=15
num_cat=0
split_feature=23 22 38 3 8 9 16 19 8 8 17 10 5 19
split_gain=42.9139 24.8603 21.9954 26.1769 23.5058 20.3875 17.8594 14.114 17.9875 14.0279 19.9251 13.7199 10.5302 5.74722
threshold=0.99999999999995659 -412.6508822835047 0.0010942895774123061 -0.42618536730154105 0.069900069406185872 43.906216078180869 0.0012575199454340684 0.00080670574996755172 -0.0043993019791723738 0.016839264858442334 -1.0000000180025095e-35 0.16015659377619226 0.24701221792550518 -5.5240062111462722e-05
decision_type=2 2 2 2 2 2 2 2 2 2 2 2 2 2
left_child=9 5 3 11 13 7 -5 8 -2 -1 -11 -3 -7 -4
right_child=1 2 4 6 -6 12 -8 -9 -10 10 -12 -13 -14 -15
leaf_value=0.026585790704051961 0.0067156979288931469 0.010314754591092344 0.014414817863551916 -0.0011625533862023108 0.0013068715222799795 0.017619395835104305 0.0077191370301856596 -0.016014133024505137 -0.0069965645615371061 0.020637584367505131 0.0015366022047765184 -0.0051195944079107259 -0.00054556232796070349 0.025966438646444857
leaf_weight=10.393464609980581 16.37965568900108 79.496840983629227 7.5791434347629592 75.100749969482422 9.2049344778060895 7.9179229289293271 34.371575891971588 8.5522864013910276 25.436267957091335 13.050120547413826 10.082268714904785 6.4879959970712653 5.7284614443778992 10.990611538290977
leaf_count=26 55 255 23 277 33 23 114 37 100 36 36 25 21 28
internal_value=0 0.00453588 0.00614363 0.00493604 0.0146417 -0.00107068 0.00162608 -0.0040685 -0.00162535 0.0167373 0.0123124 0.00915015 0.00999413 0.0212517
internal_weight=0 287.246 223.232 195.457 27.7747 64.0146 109.472 50.3682 41.8159 33.5259 23.1324 85.9848 13.6464 18.5698
internal_count=1089 991 755 671 84 236 391 192 155 98 72 280 44 51
is_linear=0
shrinkage=0.0102054


Tree=2
num_leaves=18
num_cat=0
split_feature=21 1 5 15 4 15 38 13 19 9 4 8 36 25 19 9 4
split_gain=31.8926 25.0535 19.789 24.6459 17.5968 25.9267 17.3896 15.8406 15.1995 12.8083 12.3855 16.0809 13.6035 11.8359 9.77545 7.94781 0.000124082
threshold=304.8742947788844 -75.519675796604119 0.15079392842202455 -0.00079582193093963294 0.47411453876713755 -3.3201408805250125e-05 0.0011160299577519606 0.00030372017046709226 -5.5240062111462722e-05 19.354868587558645 0.15067552729578665 0.015460102932877791 0.43241626495719998 0.99999999999998945 0.00084531462309804159 35.36953118655115 0.21626405385134626
decision_type=2 2 2 2 2 2 2 2 2 2 2 2 2 2 2 2 2
left_child=1 15 3 9 5 16 13 -5 -8 -3 12 -12 -7 -4 -6 -1 -2
right_child=4 2 6 7 14 10 8 -9 -10 -11 11 -13 -14 -15 -16 -17 -18
leaf_value=-0.015984030508270752 -0.016033519826884588 -0.0027896723126064047 -0.0087225212625912062 0.016971275007956463 0.014062603044992242 0.0022592497751377158 0.0067555718132777257 0.0039072608997510238 0.024881977128931278 0.0093365733609908005 0.017111864100929998 -0.0036339044607733547 -0.014059949521055817 0.0047584939405020017 -0.0027327209678095453 0.0015595667246043547 -0.016099732637835745
leaf_weight=5.7696756422519666 4.6268897503614417 14.676258683204649 7.2441184967756262 59.536328688263893 11.189394265413286 13.558866769075395 11.656620591878893 11.540577620267866 8.2125047445297223 23.75726717710495 8.5664740651845914 7.130730912089347 8.7554051727056486 106.55010943114758 5.3279000222682944 5.0379257798194885 8.1223936378955823
leaf_count=25 20 55 29 173 34 48 39 40 21 77 25 27 37 366 20 18 35
internal_value=0 0.00739788 0.00807361 0.01129 -0.000504668 -0.00348193 0.00543845 0.0148501 0.0142478 0.00470603 0.000742098 0.00768773 -0.00414388 0.0039003 0.00864502 -0.00780614 -0.0160757
internal_weight=0 253.981 243.174 109.51 67.2781 50.7608 133.663 71.0769 19.8691 38.4335 38.0115 15.6972 22.3143 113.794 16.5173 10.8076 12.7493
internal_count=1089 843 800 345 246 192 455 213 60 132 137 52 85 395 54 43 55
is_linear=0
shrinkage=0.0102054


Tree=3
num_leaves=9
num_cat=0
split_feature=37 23 37 17 25 8 1 15
split_gain=41.1286 17.8815 16.1483 21.2263 15.7315 25.1521 18.7911 6.89604
threshold=0.55789286861333742 0.99999999999995659 0.78776407521259573 1.9258617958321586e-05 0.99999999999998301 -0.074562784157959375 -85.670832041163507 0.00015388472366550945
decision_type=2 2 2 2 2 2 2 2
left_child=-1 2 -2 -4 7 -6 -7 -3
right_child=1 4 3 -5 5 6 -8 -9
leaf_value=0.02597239429497554 0.025618963553467322 -0.0010709422128349357 0.017406454944843924 -0.0047762618538661414 0.021700758325504551 -0.011408504152180747 0.0047367863396462631 -0.016024476620133416
leaf_weight=10.072743177413939 7.6164796650409725 9.4875231236219388 10.532764241099359 7.8345019817352286 8.9051544815301877 7.7360686063766471 254.69085036218166 4.8560040891170493
leaf_count=25 19 35 30 30 24 32 873 21
internal_value=0 0.00501983 0.0131253 0.00794448 0.00428259 0.00483322 0.00426084 -0.00613346
internal_weight=0 311.659 25.9837 18.3673 285.676 271.332 262.427 14.3435
internal_count=1089 1064 79 60 985 929 905 56
is_linear=0
shrinkage=0.0102054


Tree=4
num_leaves=13
num_cat=0
split_feature=37 22 10 3 16 4 9 19 8 17 9 5
split_gain=39.9427 30.1019 19.9056 16.3871 18.5149 16.9959 13.0167 14.6914 15.1552 11.8771 9.49912 7.5173
threshold=0.55789286861333742 -412.6508822835047 -0.15482615029441324 1.2016063032712641 0.0012575199454340684 0.26068316965457156 43.906216078180869 0.00080670574996755172 -0.0043993019791723738 0.00091565631976166088 27.569972215791953 0.24701221792550518
decision_type=2 2 2 2 2 2 2 2 2 2 2 2
left_child=-1 6 9 5 -5 -4 7 8 -2 10 -3 -8
right_child=1 2 3 4 -6 -7 11 -9 -10 -11 -12 -13
leaf_value=0.025548471253719725 0.006543532845267183 0.020939826520010842 0.011597332915474724 -0.00047446817914115918 0.0083687917166936319 0.0029355149578339916 0.015336560392128018 -0.015845706764649768 -0.0059502656676150446 0.0005093705112126668 0.0099537000194131389 -0.00055485659286485221
leaf_weight=10.135050907731054 16.44160088896751 17.222661554813385 61.941899985074997 71.409569457173347 37.663539201021194 38.108680367469788 6.7567014098167402 8.4810611009597761 26.266739860177044 6.3944784849882117 15.641608104109762 5.7289939075708389
leaf_count=25 55 47 193 260 123 133 20 37 102 23 50 21
internal_value=0 0.00496218 0.00656703 0.00531526 0.00257916 0.0082981 -0.001298 -0.00357684 -0.00114048 0.013235 0.015711 0.00804487
internal_weight=0 312.058 248.382 209.124 109.073 100.051 63.6751 51.1894 42.7083 39.2587 32.8643 12.4857
internal_count=1089 1064 829 709 383 326 235 194 157 120 97 41
is_linear=0
shrinkage=0.0102054


Tree=5
num_leaves=14
num_cat=0
split_feature=23 19 8 8 3 18 21 11 7 8 22 13 4
split_gain=45.9458 22.0514 24.1815 27.5142 24.9428 23.2259 17.9605 17.4213 11.5579 10.8107 12.7414 8.66136 0.365073
threshold=0.99999999999995659 0.0011946123287305986 -0.0081854529822647168 0.011325434476764968 -22.941469098026499 1.3213153574576486 383.24856741437543 1.2703999369711023 0.84010173768515317 0.016839264858442334 110.81397259935351 9.0322318118007963e-05 0.20764150468740791
decision_type=2 2 2 2 2 2 2 2 2 2 2 2 2
left_child=9 2 4 7 -2 -6 -5 -4 12 -1 11 -11 -3
right_child=1 8 3 6 5 -7 -8 -9 -10 10 -12 -13 -14
leaf_value=0.024544532782729299 -0.0065784519579441727 -0.015909349956406509 -0.010904706728727728 0.0062119102797134453 0.015969989441904271 -0.0049468228021075904 -0.0035216744947394727 0.0056793755697280429 0.0036111461996111292 0.023407539977411788 0.0012182453461662237 0.0083307281246904202 -0.011962390502393972
leaf_weight=12.075356155633925 7.4348274469375601 5.2875770181417483 20.342050120234493 159.41001960635185 45.281525298953056 6.2979941666126242 22.535150066018105 9.7637904137372953 6.3134670555591574 10.217322200536733 7.0834794193506232 6.4889199882745734 4.5332552045583725
leaf_count=30 29 23 83 534 133 24 85 33 22 26 25 21 19
internal_value=0 0.0044291 0.00511902 0.00351098 0.010897 0.013416 0.00500634 -0.00552623 -0.00716186 0.0166801 0.0126882 0.0175515 -0.0140874
internal_weight=0 287.2 271.065 212.051 59.0143 51.5795 181.945 30.1058 16.1343 35.8651 23.7897 16.7062 9.82083
internal_count=1087 985 921 735 186 157 619 116 64 102 72 47 42
is_linear=0
shrinkage=0.0102054


Tree=6
num_leaves=14
num_cat=0
split_feature=23 19 8 8 3 4 11 22 7 8 17 14 8
split_gain=44.7475 21.5922 23.573 26.9355 24.3261 22.2227 17.1168 14.6397 11.3809 10.4712 17.7708 6.98084 0.362284
threshold=0.99999999999995659 0.0011946123287305986 -0.0081854529822647168 0.011325434476764968 -22.941469098026499 0.046460152710313257 1.2703999369711023 -520.72176852403538 0.84010173768515317 0.016839264858442334 0.00027345778883528036 -0.0002098635703820517 -0.053453173748442308
decision_type=2 2 2 2 2 2 2 2 2 2 2 2 2
left_child=9 2 4 6 -2 -6 -4 -5 12 -1 11 -11 -3
right_child=1 8 3 7 5 -7 -8 -9 -10 10 -12 -13 -14
leaf_value=0.024164891927940385 -0.0065227573698148121 -0.015820123714656551 -0.010824966561792963 -0.0045655207853644601 -0.008338269901622888 0.01530692330042783 0.0056130822547483649 0.0058285087291804535 0.0035708415123761844 0.0087148221115933445 -0.0034187846242878851 0.021974602823279434 -0.011880485586248298
leaf_weight=12.139558956027029 7.4218527525663367 5.2634733468294153 20.283070057630542 15.418152719736097 4.5375948101282111 47.217120930552483 9.7782109677791578 166.76079642772675 6.319537177681922 6.3214664012193706 5.5799412429332724 11.956890672445299 4.5177152454853067
leaf_count=30 29 23 83 59 18 139 33 560 22 20 21 31 19
internal_value=0 0.00437895 0.00506011 0.003472 0.010756 0.0132338 -0.00547807 0.00494884 -0.00710374 0.0164486 0.0125223 0.0173888 -0.0140005
internal_weight=0 287.518 271.417 212.24 59.1766 51.7547 30.0613 182.179 16.1007 35.9979 23.8583 18.2784 9.78119
internal_count=1087 985 921 735 186 157 116 619 64 102 72 51 42
is_linear=0
shrinkage=0.0102054


Tree=7
num_leaves=9
num_cat=0
split_feature=37 19 8 24 22 17 7 4
split_gain=47.4641 23.1538 20.8565 16.3767 17.0301 12.2764 11.2075 0.363639
threshold=0.55789286861333742 0.0011946123287305986 -0.050894723480708316 0.99999999999995659 102.86623276149858 -0.0019808406283482408 0.84010173768515317 0.20764150468740791
decision_type=2 2 2 2 2 2 2 2
left_child=-1 2 -2 4 -4 -5 7 -3
right_child=1 6 3 5 -6 -7 -8 -9
leaf_value=0.025452793273084334 0.019376264987829857 -0.015741736947417824 0.017677652391013841 0.0098699381739146847 -0.0010017120859203315 0.0033506449594879707 0.003531046642706921 -0.011786603643843202
leaf_weight=12.140776038169859 10.91720414161682 5.2420111894607562 19.13254809379578 34.750771075487137 6.9227877557277671 224.01339663565159 6.3255076110362998 4.4990446865558624
leaf_count=29 30 23 53 111 25 775 22 19
internal_value=0 0.00488508 0.00553329 0.00500268 0.0127146 0.00422615 -0.00704638 -0.013915
internal_weight=0 311.803 295.737 284.82 26.0553 258.764 16.0666 9.74106
internal_count=1087 1058 994 964 78 886 64 42
is_linear=0
shrinkage=0.0102054


Tree=8
num_leaves=15
num_cat=0
split_feature=23 19 8 8 11 11 22 17 22 14 15 15 19 11
split_gain=42.485 20.7051 22.6438 26.3571 18.8747 16.7694 14.3767 12.4898 10.1076 11.43 9.75717 5.35148 3.59812 0.332283
threshold=0.99999999999995659 0.0011946123287305986 -0.0081854529822647168 0.011325434476764968 0.60737371906446302 1.2703999369711023 -520.72176852403538 -0.0038564004835054161 146.66945057737618 0.00021050704607850082 0.0014605456824337006 4.221876397525471e-05 -7.6764948787784516e-05 0.59847432236965548
decision_type=2 2 2 2 2 2 2 2 2 2 2 2 2 2
left_child=8 2 4 5 11 -4 -5 -6 9 12 13 -2 -1 -3
right_child=1 10 3 6 7 -7 -8 -9 -10 -11 -12 -13 -14 -15
leaf_value=0.016970198870739767 0.011710354391247728 -0.01567020307626707 -0.010774154192718837 -0.0045812587268952458 -0.0074307711053469699 0.005485879622323866 0.0057157256104266039 0.0085881788257565431 0.0052578601681628244 0.007100743662974785 0.0023283552948058801 0.021647605177813653 0.025448548658915503 -0.011803587997557031
leaf_weight=8.3728693574666995 9.4625556468963641 4.7663294225931185 20.244892671704296 15.425321161746977 6.104467347264289 9.805649206042288 167.16938827931881 29.894722670316696 7.2831890136003485 6.7706517577171317 6.7651081234216681 13.987541452050207 13.815590828657152 4.5004153698682785
leaf_count=23 29 21 83 59 24 33 560 96 24 22 24 37 33 19
internal_value=0 0.00428085 0.00494492 0.00338826 0.0105129 -0.00546842 0.00484585 0.00587181 0.0160047 0.0187075 -0.00698976 0.0176377 0.0222492 -0.0137924
internal_weight=0 288.126 272.095 212.645 59.4493 30.0505 182.595 35.9992 36.2423 28.9591 16.0319 23.4501 22.1885 9.26674
internal_count=1087 985 921 735 186 116 619 120 102 78 64 66 56 40
is_linear=0
shrinkage=0.0102054


Tree=9
num_leaves=15
num_cat=0
split_feature=37 22 38 8 3 16 10 37 37 7 8 8 8 1
split_gain=45.5555 18.5947 13.8785 26.2729 24.2677 27.6282 13.6791 12.231 16.503 12.8785 11.6014 7.42359 8.64351 4.0544
threshold=0.55789286861333742 -412.6508822835047 0.0010862423623176738 0.069900069406185872 4.8530771175908241 0.0012575199454340684 -0.14908233078113972 0.96190170711107414 1.2275978940458903 0.54375864633049742 -0.018676754831757809 0.046778117375450116 -0.029200999472701383 16.299311028127708
decision_type=2 2 2 2 2 2 2 2 2 2 2 2 2 2
left_child=-1 7 4 13 6 -6 -3 11 9 -9 -10 12 -2 -4
right_child=1 2 3 -5 5 -7 -8 8 10 -11 -12 -13 -14 -15
leaf_value=0.024845849895033877 -0.011276533980364449 0.014571344276523323 0.025211947895640151 4.1353767696034715e-05 -0.004143201048687809 0.0079630261459566823 0.0062470107881608576 0.016000660050391708 0.0041449754569986667 0.00036824885660542678 -0.016022764213084444 -0.016081734625713905 0.0015607192635047871 0.015621481675972403
leaf_weight=12.233639240264891 8.0574429482221657 25.178655430674553 8.501130968332296 10.875751227140425 48.623954862356186 32.930138036608696 112.08130264282227 12.659970059990885 6.1118546575307846 9.6898791939020139 5.7802006155252439 5.1008098125457755 16.96354852616787 9.9815866202115995
leaf_count=29 34 74 21 39 184 107 370 37 21 35 25 22 60 29
internal_value=0 0.00477056 0.00603827 0.0126269 0.00515426 0.000745085 0.00777401 -0.000117453 0.00405511 0.00922316 -0.00565767 -0.00486075 -0.00257323 0.0200326
internal_weight=0 312.536 248.173 29.3585 218.814 81.5541 137.26 64.3637 34.2419 22.3498 11.8921 30.1218 25.021 18.4827
internal_count=1087 1058 824 89 735 291 444 234 118 72 46 116 94 50
is_linear=0
shrinkage=0.0102054


end of trees

feature_importances:
trend_regime_slope=21
macd_hist_ratio=10
return_5=8
fft_imag=8
atr_ratio_5_20=8
bb_pct_upper=7
macd_hist=6
ma30_ratio=6
corr_btc_eth_20=6
adx_14=5
volume_sma_ratio=5
macd_line=4
volatility_regime=4
cmf_20=4
bb_pct_lower=3
ma10_ratio=3
rolls_implied_spread=3
atr_pct_14=2
return_2=2
return_3=2
fft_real=2
corr_btc_eth_100=2
macd_signal=1
bb_zscore=1
corr_btc_sol_20=1
ofi_zscore=1

parameters:
[boosting: gbdt]
[objective: binary]
[metric: binary_logloss]
[tree_learner: serial]
[device_type: cpu]
[data_sample_strategy: bagging]
[data: ]
[valid: ]
[num_iterations: 72]
[learning_rate: 0.0102054]
[num_leaves: 32]
[num_threads: 0]
[seed: 42]
[deterministic: 0]
[force_col_wise: 0]
[force_row_wise: 0]
[histogram_pool_size: -1]
[max_depth: 5]
[min_data_in_leaf: 20]
[min_sum_hessian_in_leaf: 0.001]
[bagging_fraction: 0.787482]
[pos_bagging_fraction: 1]
[neg_bagging_fraction: 1]
[bagging_freq: 5]
[bagging_seed: 400]
[feature_fraction: 0.709794]
[feature_fraction_bynode: 1]
[feature_fraction_seed: 30056]
[extra_trees: 0]
[extra_seed: 12879]
[early_stopping_round: 0]
[first_metric_only: 0]
[max_delta_step: 0]
[lambda_l1: 0]
[lambda_l2: 0]
[linear_lambda: 0]
[min_gain_to_split: 0]
[drop_rate: 0.1]
[max_drop: 50]
[skip_drop: 0.5]
[xgboost_dart_mode: 0]
[uniform_drop: 0]
[drop_seed: 17869]
[top_rate: 0.2]
[other_rate: 0.1]
[min_data_per_group: 100]
[max_cat_threshold: 32]
[cat_l2: 10]
[cat_smooth: 10]
[max_cat_to_onehot: 4]
[top_k: 20]
[monotone_constraints: ]
[monotone_constraints_method: basic]
[monotone_penalty: 0]
[feature_contri: ]
[forcedsplits_filename: ]
[refit_decay_rate: 0.9]
[cegb_tradeoff: 1]
[cegb_penalty_split: 0]
[cegb_penalty_feature_lazy: ]
[cegb_penalty_feature_coupled: ]
[path_smooth: 0]
[interaction_constraints: ]
[verbosity: -1]
[saved_feature_importance_type: 0]
[use_quantized_grad: 0]
[num_grad_quant_bins: 4]
[quant_train_renew_leaf: 0]
[stochastic_rounding: 1]
[linear_tree: 0]
[max_bin: 255]
[max_bin_by_feature: ]
[min_data_in_bin: 3]
[bin_construct_sample_cnt: 200000]
[data_random_seed: 175]
[is_enable_sparse: 1]
[enable_bundle: 1]
[use_missing: 1]
[zero_as_missing: 0]
[feature_pre_filter: 1]
[pre_partition: 0]
[two_round: 0]
[header: 0]
[label_column: ]
[weight_column: ]
[group_column: ]
[ignore_column: ]
[categorical_feature: ]
[forcedbins_filename: ]
[precise_float_parser: 0]
[parser_config_file: ]
[objective_seed: 16083]
[num_class: 1]
[is_unbalance: 0]
[scale_pos_weight: 1.74314]
[sigmoid: 1]
[boost_from_average: 1]
[reg_sqrt: 0]
[alpha: 0.9]
[fair_c: 1]
[poisson_max_delta_step: 0.7]
[tweedie_variance_power: 1.5]
[lambdarank_truncation_level: 30]
[lambdarank_norm: 1]
[label_gain: ]
[lambdarank_position_bias_regularization: 0]
[eval_at: ]
[multi_error_top_k: 1]
[auc_mu_weights: ]
[num_machines: 1]
[local_listen_port: 12400]
[time_out: 120]
[machine_list_filename: ]
[machines: ]
[gpu_platform_id: -1]
[gpu_device_id: -1]
[gpu_use_dp: 0]
[num_gpu: 1]

end of parameters

pandas_categorical:[]
